52951.txt;5;2;5;5;0;0;0;18;unknown
373416.txt;5;0;5;5;0;0;0;20;unknown
806909.txt;5;0;4;5;0;0;0;19;unknown
755753.txt;5;1;5;5;0;0;0;19;unknown
206667.txt;5;3;4;4;0;0;0;15;unknown
38209.txt;5;0;5;5;0;0;0;20;unknown
1449555.txt;5;0;5;5;0;0;0;20;unknown
1249928.txt;4;4;4;5;0;0;0;13;unknown
1812668.txt;2;1;3;5;0;0;0;11;unknown
1942513.txt;5;0;5;5;0;0;0;20;unknown
230893.txt;4;1;5;5;0;0;0;17;unknown
449267.txt;5;2;4;1;0;0;0;13;unknown
162639.txt;5;1;5;4;0;0;0;18;unknown
216672.txt;1;0;5;5;0;0;0;12;unknown
1827588.txt;5;0;5;5;0;0;0;20;unknown
248917.txt;3;1;5;4;0;0;0;14;unknown
609558.txt;5;1;5;4;0;0;0;18;unknown
599905.txt;5;1;5;5;0;0;0;19;unknown
1974703.txt;2;0;5;5;0;0;0;14;unknown
1394540.txt;3;2;5;5;0;0;0;14;unknown
1691426.txt;4;4;5;2;0;0;0;11;unknown
279212.txt;5;1;4;5;0;0;0;18;unknown
232159.txt;3;1;5;5;0;0;0;15;unknown
1239289.txt;4;2;5;4;0;0;0;15;unknown
1447041.txt;2;3;5;4;0;0;0;10;unknown
1648484.txt;2;0;5;5;0;0;0;14;unknown
71654.txt;5;1;5;5;0;0;0;19;unknown
1109085.txt;4;0;5;5;0;0;0;18;unknown
1321982.txt;2;4;5;3;0;0;0;8;unknown
1876159.txt;5;1;4;5;0;0;0;18;unknown
1388870.txt;3;3;5;5;0;0;0;13;unknown
1693042.txt;5;0;5;5;0;0;0;20;unknown
1813924.txt;4;4;5;5;0;0;0;14;unknown
1985615.txt;5;0;5;5;0;0;0;20;unknown
1971958.txt;5;1;4;3;0;0;0;16;unknown
265349.txt;4;0;5;5;0;0;0;18;unknown
618384.txt;5;2;5;5;0;0;0;18;unknown
67346.txt;5;1;5;5;0;0;0;19;unknown
526827.txt;2;1;5;5;0;0;0;13;unknown
1723586.txt;5;0;5;5;0;0;0;20;unknown
1851482.txt;2;1;5;5;0;0;0;13;unknown
1181356.txt;3;1;5;3;0;0;0;13;unknown
1728162.txt;5;2;5;5;0;0;0;18;unknown
1804641.txt;2;3;5;5;0;0;0;11;unknown
1164913.txt;5;3;5;5;0;0;0;17;unknown
757891.txt;5;0;5;5;0;0;0;20;unknown
1096747.txt;2;1;5;5;0;0;0;13;unknown
913996.txt;5;0;4;4;0;0;0;18;unknown
1346734.txt;2;1;5;5;0;0;0;13;unknown
339615.txt;3;4;5;1;0;0;0;8;unknown
1599482.txt;5;3;5;5;0;0;0;17;unknown
844996.txt;4;0;5;5;0;0;0;18;unknown
450359.txt;2;0;5;3;0;0;0;12;unknown
1790750.txt;2;1;3;4;0;0;0;10;unknown
1453563.txt;3;0;5;5;0;0;0;16;unknown
1079196.txt;5;1;4;5;0;0;0;18;unknown
716766.txt;5;0;5;5;0;0;0;20;unknown
711394.txt;5;0;5;5;0;0;0;20;unknown
392518.txt;2;3;5;5;0;0;0;11;unknown
1174920.txt;2;0;5;2;0;0;0;11;unknown
496928.txt;2;1;5;3;0;0;0;11;unknown
1223368.txt;4;0;5;5;0;0;0;18;unknown
404521.txt;3;1;5;5;0;0;0;15;unknown
1004355.txt;5;3;3;5;0;0;0;15;unknown
937403.txt;4;1;5;5;0;0;0;17;unknown
832751.txt;5;0;5;5;0;0;0;20;unknown
1086343.txt;2;3;5;5;0;0;0;11;unknown
412197.txt;5;1;5;5;0;0;0;19;unknown
1392946.txt;5;1;5;5;0;0;0;19;unknown
643139.txt;3;3;5;3;0;0;0;11;unknown
395987.txt;5;0;5;5;0;0;0;20;unknown
535573.txt;5;0;5;5;0;0;0;20;unknown
746257.txt;2;2;5;5;0;0;0;12;unknown
661830.txt;3;1;5;3;0;0;0;13;unknown
1949465.txt;5;1;5;4;0;0;0;18;unknown
656695.txt;5;0;5;5;0;0;0;20;unknown
1007363.txt;2;2;5;5;0;0;0;12;unknown
1604419.txt;1;4;5;3;0;0;0;6;unknown
425198.txt;3;2;5;3;0;0;0;12;unknown
338351.txt;5;1;5;5;0;0;0;19;unknown
1469088.txt;4;2;2;5;0;0;0;13;unknown
1897285.txt;1;2;5;5;0;0;0;10;unknown
1784031.txt;2;3;5;4;0;0;0;10;unknown
871631.txt;3;2;5;5;0;0;0;14;unknown
644250.txt;2;4;5;4;0;0;0;9;unknown
219983.txt;3;0;5;5;0;0;0;16;unknown
1703761.txt;3;0;5;5;0;0;0;16;unknown
186616.txt;5;0;4;5;0;0;0;19;unknown
1414676.txt;5;0;5;5;0;0;0;20;unknown
990384.txt;5;3;3;3;0;0;0;13;unknown
1431839.txt;5;0;5;4;0;0;0;19;unknown
302140.txt;5;0;5;5;0;0;0;20;unknown
1834502.txt;5;0;5;4;0;0;0;19;unknown
562823.txt;2;1;5;5;0;0;0;13;unknown
589458.txt;2;2;5;5;0;0;0;12;unknown
345396.txt;3;2;5;5;0;0;0;14;unknown
749940.txt;2;0;5;5;0;0;0;14;unknown
594970.txt;5;0;5;5;0;0;0;20;unknown
1365003.txt;5;0;5;5;0;0;0;20;unknown
586583.txt;2;0;5;5;0;0;0;14;unknown
